function [ outSet ] = Datasets( inSet )
    % Erstfeld-Göschenen
    EG1_inFlow = [30 22 22 25 19 20 27 28 17 25 30 14 26 27 14 20 21 22 31 17 20 17 21 19 31 29 15 21 13 19 18 27 31 13 19 22 15 14 15 16 12 17 16 22 13 11 7 3 10 16 15 20 12 21 27 18 17 19 15 15 22 15 18 16 16 32 16 16 10 21 19 18 12 16 25 19 31 33 21 25 18 26 14 15 18 12 31 27 30 33 23 14 38 24 22 32 27 25 29 16 28 45 33 26 36 39 35 44 38 28 41 35 27 41 29 43 43 42 65 57 38 48 48 59 36 56 29 43 42 48 53 47 58 53 44 50 48 55 59 47 49 55 34 59 59 46 68 67 50 54 57 56 59 51 61 63 55 44 61 44 74 51 66 50 42 53 58 64 69 57 56 67 70 55 71 48 83 65 69 52 59 74 63 74 68 59 68 56 74 70 86 73 57 70 48 55 78 44 59 61 68 82 83 71 67 81 78 77 91 73 60 61 98 86 79 80 76 83 75 56 96 55 81 59 85 76 68 58 76 81 68 52 70 87 68 65 74 64 54 98 77 66 68 76 81 77 66 78 69 78 63 55 72 66 62 80 64 75 63 66 62 73 71 67 59 72 63 71 84 54 74 59 77 56 53 66 74 58 63 59 57 68 61 64 86 87 59 74 80 64 69 74 79 65 61 70 71 57 91 70 68 62 62 65 53 56 62 62 82 61 60 71 45 60 58 49 56 53 51 60 56 82 44 61 64 62 53 63 51 56 59 66 63 68 51 56 46 51 50 52 70 43 53 61 42 68 69 44 68 54 39 56 73 59 38 47 49 53 44 51 59 65 48 57 57 66 57 54 49 31 46 42 53 49 61 59 54 56 57 56 55 56 56 55 49 58 48 54 40 61 57 46 41 50 57 40 61 46 52 41 41 46 48 46 46 44 34 51 44 60 35 50 53 40 53 48 43 43 46 43 50 41 41 35 38 55 34 41 44 41 40 47 41 39 37 55 44 47 49 54 39 43 33 55 42 43 52 61 51 55 46 52 57 58 58 62 56 46 66 34 55 41 36 33 43 42 58 40 47 57 46 44 49 44 36 52 34 28 44 51 54 39 48 39 36 31 28 43 29 50 46 30 42 42 29 40 43 36 44 39 41 29 43 35 33 43 47 41 44 51 62 37 50 65 57 48 48 54 48 44 55 43 59 23 1 41 43 34 72 52 56 41 52 63 44 66 49 51 89 72 48 79 65 60 74 89 73 68 93 80 58 75 71 79 92 97 86 43 7 60 60 59 58 38 12 83 124 121 71 43 2 0 0 0 32 113 128 90 6 1 0 0 75 69 61 73 61 5 16 67 86 80 49 7 1 0 34 93 84 75 76 66 22 2 0 55 104 120 138 110 32 5 1 0 86 118 137 127 67 8 1 0 0 0 0 45 89 31 7 103 99 64 38 24 1 78 98 121 93 42 70 26 2 0 2 81 85 26 8 65 110 35 9 78 63 5 30 109 75 13 66 94 24 2 54 113 66 1 0 43 129 124 37 58 25 3 47 113 119 79 47 3 28 114 89 42 3 1 24 104 130 58 58 52 20 55 90 40 68 58 57 58 48 56 51 53 59 45 56 48 31 41 47 64 45 54 47 72 42 46 38 61 53 44 39 42 46 35 60 46 54 44 49 64 53 46 39 58 37 58 42 43 65 50 34 35 49 62 56 46 43 43 67 28 46 52 58 43 44 40 47 39 48 62 29 51 39 57 46 43 57 45 45 38 38 40 66 54 48 51 62 44 39 39 59 52 48 48 37 46 49 53 52 58 58 41 44 53 53 56 44 60 51 37 48 46 42 47 51 64 42 38 50 35 37 50 45 35 65 44 35 43 54 41 38 69 40 38 31 36 42 32 39 54 42 24 28 43 43 38 52 41 27 32 38 33 40 30 28 28 33 33 39 31 29 30 29 36 31 29 24 24 28 19 24 30 36 37 27 20 28 22 34 28 32 26 29 27 35 19 26 23 22 30 37 21 30 21 28 26 19 28 25 18 17 22 15 24 22 23 18 19 22 14 20 24 32 19 17 26 28 14 21 22 24 23 31 25 24 22 24 17 24 31 25 18 27 25 28 32 21 28 11 13 17 7 7 7 7 12 28 42 43 36 43 31 24 21 28 24 24 26 29 30 15 28 23 28];
    EG1_time = {'2014-07-18 00:00-00:03' '2014-07-18 00:03-00:06' '2014-07-18 00:06-00:09' '2014-07-18 00:09-00:12' '2014-07-18 00:12-00:15' '2014-07-18 00:15-00:18' '2014-07-18 00:18-00:21' '2014-07-18 00:21-00:24' '2014-07-18 00:24-00:27' '2014-07-18 00:27-00:30' '2014-07-18 00:30-00:33' '2014-07-18 00:33-00:36' '2014-07-18 00:36-00:39' '2014-07-18 00:39-00:42' '2014-07-18 00:42-00:45' '2014-07-18 00:45-00:48' '2014-07-18 00:48-00:51' '2014-07-18 00:51-00:54' '2014-07-18 00:54-00:57' '2014-07-18 00:57-01:00' '2014-07-18 01:00-01:03' '2014-07-18 01:03-01:06' '2014-07-18 01:06-01:09' '2014-07-18 01:09-01:12' '2014-07-18 01:12-01:15' '2014-07-18 01:15-01:18' '2014-07-18 01:18-01:21' '2014-07-18 01:21-01:24' '2014-07-18 01:24-01:27' '2014-07-18 01:27-01:30' '2014-07-18 01:30-01:33' '2014-07-18 01:33-01:36' '2014-07-18 01:36-01:39' '2014-07-18 01:39-01:42' '2014-07-18 01:42-01:45' '2014-07-18 01:45-01:48' '2014-07-18 01:48-01:51' '2014-07-18 01:51-01:54' '2014-07-18 01:54-01:57' '2014-07-18 01:57-02:00' '2014-07-18 02:00-02:03' '2014-07-18 02:03-02:06' '2014-07-18 02:06-02:09' '2014-07-18 02:09-02:12' '2014-07-18 02:12-02:15' '2014-07-18 02:15-02:18' '2014-07-18 02:18-02:21' '2014-07-18 02:21-02:24' '2014-07-18 02:24-02:27' '2014-07-18 02:27-02:30' '2014-07-18 02:30-02:33' '2014-07-18 02:33-02:36' '2014-07-18 02:36-02:39' '2014-07-18 02:39-02:42' '2014-07-18 02:42-02:45' '2014-07-18 02:45-02:48' '2014-07-18 02:48-02:51' '2014-07-18 02:51-02:54' '2014-07-18 02:54-02:57' '2014-07-18 02:57-03:00' '2014-07-18 03:00-03:03' '2014-07-18 03:03-03:06' '2014-07-18 03:06-03:09' '2014-07-18 03:09-03:12' '2014-07-18 03:12-03:15' '2014-07-18 03:15-03:18' '2014-07-18 03:18-03:21' '2014-07-18 03:21-03:24' '2014-07-18 03:24-03:27' '2014-07-18 03:27-03:30' '2014-07-18 03:30-03:33' '2014-07-18 03:33-03:36' '2014-07-18 03:36-03:39' '2014-07-18 03:39-03:42' '2014-07-18 03:42-03:45' '2014-07-18 03:45-03:48' '2014-07-18 03:48-03:51' '2014-07-18 03:51-03:54' '2014-07-18 03:54-03:57' '2014-07-18 03:57-04:00' '2014-07-18 04:00-04:03' '2014-07-18 04:03-04:06' '2014-07-18 04:06-04:09' '2014-07-18 04:09-04:12' '2014-07-18 04:12-04:15' '2014-07-18 04:15-04:18' '2014-07-18 04:18-04:21' '2014-07-18 04:21-04:24' '2014-07-18 04:24-04:27' '2014-07-18 04:27-04:30' '2014-07-18 04:30-04:33' '2014-07-18 04:33-04:36' '2014-07-18 04:36-04:39' '2014-07-18 04:39-04:42' '2014-07-18 04:42-04:45' '2014-07-18 04:45-04:48' '2014-07-18 04:48-04:51' '2014-07-18 04:51-04:54' '2014-07-18 04:54-04:57' '2014-07-18 04:57-05:00' '2014-07-18 05:00-05:03' '2014-07-18 05:03-05:06' '2014-07-18 05:06-05:09' '2014-07-18 05:09-05:12' '2014-07-18 05:12-05:15' '2014-07-18 05:15-05:18' '2014-07-18 05:18-05:21' '2014-07-18 05:21-05:24' '2014-07-18 05:24-05:27' '2014-07-18 05:27-05:30' '2014-07-18 05:30-05:33' '2014-07-18 05:33-05:36' '2014-07-18 05:36-05:39' '2014-07-18 05:39-05:42' '2014-07-18 05:42-05:45' '2014-07-18 05:45-05:48' '2014-07-18 05:48-05:51' '2014-07-18 05:51-05:54' '2014-07-18 05:54-05:57' '2014-07-18 05:57-06:00' '2014-07-18 06:00-06:03' '2014-07-18 06:03-06:06' '2014-07-18 06:06-06:09' '2014-07-18 06:09-06:12' '2014-07-18 06:12-06:15' '2014-07-18 06:15-06:18' '2014-07-18 06:18-06:21' '2014-07-18 06:21-06:24' '2014-07-18 06:24-06:27' '2014-07-18 06:27-06:30' '2014-07-18 06:30-06:33' '2014-07-18 06:33-06:36' '2014-07-18 06:36-06:39' '2014-07-18 06:39-06:42' '2014-07-18 06:42-06:45' '2014-07-18 06:45-06:48' '2014-07-18 06:48-06:51' '2014-07-18 06:51-06:54' '2014-07-18 06:54-06:57' '2014-07-18 06:57-07:00' '2014-07-18 07:00-07:03' '2014-07-18 07:03-07:06' '2014-07-18 07:06-07:09' '2014-07-18 07:09-07:12' '2014-07-18 07:12-07:15' '2014-07-18 07:15-07:18' '2014-07-18 07:18-07:21' '2014-07-18 07:21-07:24' '2014-07-18 07:24-07:27' '2014-07-18 07:27-07:30' '2014-07-18 07:30-07:33' '2014-07-18 07:33-07:36' '2014-07-18 07:36-07:39' '2014-07-18 07:39-07:42' '2014-07-18 07:42-07:45' '2014-07-18 07:45-07:48' '2014-07-18 07:48-07:51' '2014-07-18 07:51-07:54' '2014-07-18 07:54-07:57' '2014-07-18 07:57-08:00' '2014-07-18 08:00-08:03' '2014-07-18 08:03-08:06' '2014-07-18 08:06-08:09' '2014-07-18 08:09-08:12' '2014-07-18 08:12-08:15' '2014-07-18 08:15-08:18' '2014-07-18 08:18-08:21' '2014-07-18 08:21-08:24' '2014-07-18 08:24-08:27' '2014-07-18 08:27-08:30' '2014-07-18 08:30-08:33' '2014-07-18 08:33-08:36' '2014-07-18 08:36-08:39' '2014-07-18 08:39-08:42' '2014-07-18 08:42-08:45' '2014-07-18 08:45-08:48' '2014-07-18 08:48-08:51' '2014-07-18 08:51-08:54' '2014-07-18 08:54-08:57' '2014-07-18 08:57-09:00' '2014-07-18 09:00-09:03' '2014-07-18 09:03-09:06' '2014-07-18 09:06-09:09' '2014-07-18 09:09-09:12' '2014-07-18 09:12-09:15' '2014-07-18 09:15-09:18' '2014-07-18 09:18-09:21' '2014-07-18 09:21-09:24' '2014-07-18 09:24-09:27' '2014-07-18 09:27-09:30' '2014-07-18 09:30-09:33' '2014-07-18 09:33-09:36' '2014-07-18 09:36-09:39' '2014-07-18 09:39-09:42' '2014-07-18 09:42-09:45' '2014-07-18 09:45-09:48' '2014-07-18 09:48-09:51' '2014-07-18 09:51-09:54' '2014-07-18 09:54-09:57' '2014-07-18 09:57-10:00' '2014-07-18 10:00-10:03' '2014-07-18 